CRAIRC: 0.04
KSUB: 26.960315726583513
SOPE: 26.960315726583513
RDMSOL: 120.0
SMFCF: 0.35720610027190236
SM0: 0.437912799860101
SMW: 0.18792710829542017
