CRAIRC: 0.04
KSUB: 24.477983553855697
SOPE: 24.477983553855697
RDMSOL: 120.0
SMFCF: 0.3494077149970443
SM0: 0.4329718282950568
SMW: 0.17503179463201984
