CRAIRC: 0.04
KSUB: 25.449838352858578
SOPE: 25.449838352858578
RDMSOL: 120.0
SMFCF: 0.35287147091207965
SM0: 0.4380440653870419
SMW: 0.17665336535449155
