CRAIRC: 0.04
KSUB: 52.123316852302345
SOPE: 52.123316852302345
RDMSOL: 120.0
SMFCF: 0.3202729753015198
SM0: 0.4923338439882589
SMW: 0.08403192603138304
