CRAIRC: 0.04
KSUB: 99.37174730860045
SOPE: 99.37174730860045
RDMSOL: 120.0
SMFCF: 0.17625167954774248
SM0: 0.40376430896744303
SMW: 0.0238505645619079
