CRAIRC: 0.04
KSUB: 60.80195497256852
SOPE: 60.80195497256852
RDMSOL: 120.0
SMFCF: 0.249072156034756
SM0: 0.3981922721948438
SMW: 0.0748923884024851
