CRAIRC: 0.04
KSUB: 58.06357202004465
SOPE: 58.06357202004465
RDMSOL: 120.0
SMFCF: 0.23970179991331922
SM0: 0.42442460948246097
SMW: 0.04664048737292097
