CRAIRC: 0.04
KSUB: 67.58196584269864
SOPE: 67.58196584269864
RDMSOL: 120.0
SMFCF: 0.2235326221395038
SM0: 0.42722428139611035
SMW: 0.037265930055293855
