CRAIRC: 0.04
KSUB: 97.67575402917113
SOPE: 97.67575402917113
RDMSOL: 120.0
SMFCF: 0.18996719384107616
SM0: 0.4026801900087188
SMW: 0.02860546811357271
