CRAIRC: 0.04
KSUB: 107.6557882867833
SOPE: 107.6557882867833
RDMSOL: 120.0
SMFCF: 0.18234490363940892
SM0: 0.4119586953924706
SMW: 0.02464362520032698
