CRAIRC: 0.04
KSUB: 39.2354734925859
SOPE: 39.2354734925859
RDMSOL: 120.0
SMFCF: 0.27270022280740636
SM0: 0.39970780116897275
SMW: 0.08697264178323856
