CRAIRC: 0.04
KSUB: 20.94507008375077
SOPE: 20.94507008375077
RDMSOL: 120.0
SMFCF: 0.3768161201055319
SM0: 0.44917259083431316
SMW: 0.20962479665103279
