CRAIRC: 0.04
KSUB: 30.163119324408513
SOPE: 30.163119324408513
RDMSOL: 120.0
SMFCF: 0.30741542671408534
SM0: 0.41238210522643265
SMW: 0.12174821686340719
