CRAIRC: 0.04
KSUB: 60.658304122507055
SOPE: 60.658304122507055
RDMSOL: 120.0
SMFCF: 0.30472490778384687
SM0: 0.47677362948666113
SMW: 0.07950030095664072
