CRAIRC: 0.04
KSUB: 49.40561985824357
SOPE: 49.40561985824357
RDMSOL: 120.0
SMFCF: 0.26215330120690045
SM0: 0.40368722947444047
SMW: 0.0798998153783332
