CRAIRC: 0.04
KSUB: 30.961769874622732
SOPE: 30.961769874622732
RDMSOL: 120.0
SMFCF: 0.338563771253792
SM0: 0.42873968555879033
SMW: 0.16888376053286275
