CRAIRC: 0.04
KSUB: 25.339934317141545
SOPE: 25.339934317141545
RDMSOL: 120.0
SMFCF: 0.323924594818025
SM0: 0.4214444121025355
SMW: 0.13551721983810985
