CRAIRC: 0.04
KSUB: 37.337713265718335
SOPE: 37.337713265718335
RDMSOL: 120.0
SMFCF: 0.29960989399114085
SM0: 0.4156298088394862
SMW: 0.11471242693593375
