CRAIRC: 0.04
KSUB: 27.00232788953656
SOPE: 27.00232788953656
RDMSOL: 120.0
SMFCF: 0.331783902614738
SM0: 0.4223990752821265
SMW: 0.1517152144228849
