CRAIRC: 0.04
KSUB: 29.67636280140763
SOPE: 29.67636280140763
RDMSOL: 120.0
SMFCF: 0.323140169168266
SM0: 0.41819914266974884
SMW: 0.14598618955169218
