CRAIRC: 0.04
KSUB: 35.29975630859864
SOPE: 35.29975630859864
RDMSOL: 120.0
SMFCF: 0.3090562051435047
SM0: 0.4184999256957015
SMW: 0.12659052865054923
