CRAIRC: 0.04
KSUB: 21.85386344861532
SOPE: 21.85386344861532
RDMSOL: 120.0
SMFCF: 0.3544188608818845
SM0: 0.4368279215449777
SMW: 0.17616219002364297
