CRAIRC: 0.04
KSUB: 57.58550192428046
SOPE: 57.58550192428046
RDMSOL: 120.0
SMFCF: 0.27253754178060674
SM0: 0.4499782245304067
SMW: 0.06189075745738778
