CRAIRC: 0.04
KSUB: 33.180646663597884
SOPE: 33.180646663597884
RDMSOL: 120.0
SMFCF: 0.3031823349980893
SM0: 0.41428373252363454
SMW: 0.11757742114681066
