CRAIRC: 0.04
KSUB: 25.378073441141463
SOPE: 25.378073441141463
RDMSOL: 120.0
SMFCF: 0.3500973399442032
SM0: 0.433336969167083
SMW: 0.17462079015554294
