CRAIRC: 0.04
KSUB: 23.395632872462446
SOPE: 23.395632872462446
RDMSOL: 120.0
SMFCF: 0.3744611686397424
SM0: 0.4482232511516113
SMW: 0.20641998347598842
