CRAIRC: 0.04
KSUB: 47.40330868041984
SOPE: 47.40330868041984
RDMSOL: 120.0
SMFCF: 0.3229590268821268
SM0: 0.49114830629137063
SMW: 0.08613395869927297
