CRAIRC: 0.04
KSUB: 26.396763098995066
SOPE: 26.396763098995066
RDMSOL: 120.0
SMFCF: 0.3132447116999699
SM0: 0.4155507860727392
SMW: 0.12251141574276558
