CRAIRC: 0.04
KSUB: 21.285857178842637
SOPE: 21.285857178842637
RDMSOL: 120.0
SMFCF: 0.3517096217681183
SM0: 0.4330489525173329
SMW: 0.17312957416626157
