CRAIRC: 0.04
KSUB: 30.26212147470404
SOPE: 30.26212147470404
RDMSOL: 120.0
SMFCF: 0.3172493020752772
SM0: 0.41888328266264196
SMW: 0.1325148340150078
