CRAIRC: 0.04
KSUB: 27.03152022623501
SOPE: 27.03152022623501
RDMSOL: 120.0
SMFCF: 0.3287927686542927
SM0: 0.4311757845824599
SMW: 0.13907996493651675
