CRAIRC: 0.04
KSUB: 63.15924442598037
SOPE: 63.15924442598037
RDMSOL: 120.0
SMFCF: 0.22517711668151733
SM0: 0.41577017358616875
SMW: 0.04121537251893301
