CRAIRC: 0.04
KSUB: 33.959798702065626
SOPE: 33.959798702065626
RDMSOL: 120.0
SMFCF: 0.29627114198697285
SM0: 0.4153581339868646
SMW: 0.10528961837294584
