CRAIRC: 0.04
KSUB: 85.22216278729859
SOPE: 85.22216278729859
RDMSOL: 120.0
SMFCF: 0.20149664638814924
SM0: 0.4175940519606024
SMW: 0.029868620110071957
