CRAIRC: 0.04
KSUB: 52.76832172965144
SOPE: 52.76832172965144
RDMSOL: 120.0
SMFCF: 0.2842625100052166
SM0: 0.45610787844565825
SMW: 0.06847144467338248
