CRAIRC: 0.04
KSUB: 65.20876816161002
SOPE: 65.20876816161002
RDMSOL: 120.0
SMFCF: 0.2640028304138958
SM0: 0.44822333772998224
SMW: 0.05706330041702929
