CRAIRC: 0.04
KSUB: 147.673124436661
SOPE: 147.673124436661
RDMSOL: 120.0
SMFCF: 0.1706752464001117
SM0: 0.4128125315485572
SMW: 0.020992138764946933
