CRAIRC: 0.04
KSUB: 21.67570319268699
SOPE: 21.67570319268699
RDMSOL: 120.0
SMFCF: 0.3543265775723899
SM0: 0.43486254598766527
SMW: 0.17667093242500714
