CRAIRC: 0.04
KSUB: 30.598801480607847
SOPE: 30.598801480607847
RDMSOL: 120.0
SMFCF: 0.2952515547360509
SM0: 0.4040840167436781
SMW: 0.10624275143085066
