CRAIRC: 0.04
KSUB: 25.715720233424882
SOPE: 25.715720233424882
RDMSOL: 120.0
SMFCF: 0.32787103820506003
SM0: 0.42625468945380257
SMW: 0.14090602222780768
