CRAIRC: 0.04
KSUB: 70.63652458739388
SOPE: 70.63652458739388
RDMSOL: 120.0
SMFCF: 0.22611708853851026
SM0: 0.4305247452945612
SMW: 0.037892297639073445
