CRAIRC: 0.04
KSUB: 78.79512556462797
SOPE: 78.79512556462797
RDMSOL: 120.0
SMFCF: 0.2337323252480774
SM0: 0.4309596307470976
SMW: 0.043271293640613474
