CRAIRC: 0.04
KSUB: 29.06587234161231
SOPE: 29.06587234161231
RDMSOL: 120.0
SMFCF: 0.32855860134116643
SM0: 0.42340366566135645
SMW: 0.14930626082406007
