CRAIRC: 0.04
KSUB: 22.297819474069943
SOPE: 22.297819474069943
RDMSOL: 120.0
SMFCF: 0.338374391915898
SM0: 0.4250261912644773
SMW: 0.1542861414376681
