CRAIRC: 0.04
KSUB: 27.467776838816636
SOPE: 27.467776838816636
RDMSOL: 120.0
SMFCF: 0.3370667834125474
SM0: 0.4305202284696379
SMW: 0.15759308805869368
