CRAIRC: 0.04
KSUB: 37.07443094216918
SOPE: 37.07443094216918
RDMSOL: 120.0
SMFCF: 0.2942078809272499
SM0: 0.4095751671099863
SMW: 0.11121526941204053
