CRAIRC: 0.04
KSUB: 64.62771062566239
SOPE: 64.62771062566239
RDMSOL: 120.0
SMFCF: 0.23685562766353846
SM0: 0.42594468426266235
SMW: 0.04549485743204956
