CRAIRC: 0.04
KSUB: 49.57719659942977
SOPE: 49.57719659942977
RDMSOL: 120.0
SMFCF: 0.2676485829817634
SM0: 0.40087209866480744
SMW: 0.09044697615724794
