CRAIRC: 0.04
KSUB: 26.776160447183635
SOPE: 26.776160447183635
RDMSOL: 120.0
SMFCF: 0.3634680607005031
SM0: 0.44291262096772616
SMW: 0.1947339966165166
