CRAIRC: 0.04
KSUB: 57.054973223708004
SOPE: 57.054973223708004
RDMSOL: 120.0
SMFCF: 0.2514208409971955
SM0: 0.4329880180834709
SMW: 0.051959294101981406
