CRAIRC: 0.04
KSUB: 43.808987727532624
SOPE: 43.808987727532624
RDMSOL: 120.0
SMFCF: 0.28179883075265505
SM0: 0.4041802910524482
SMW: 0.10255695732798116
