CRAIRC: 0.04
KSUB: 52.67877069718802
SOPE: 52.67877069718802
RDMSOL: 120.0
SMFCF: 0.2910911747105048
SM0: 0.46911517763550964
SMW: 0.06621049783490404
