CRAIRC: 0.04
KSUB: 19.947005373522956
SOPE: 19.947005373522956
RDMSOL: 120.0
SMFCF: 0.38469178124818915
SM0: 0.4524422218164288
SMW: 0.22133822244776458
