CRAIRC: 0.04
KSUB: 110.77584847788631
SOPE: 110.77584847788631
RDMSOL: 120.0
SMFCF: 0.17231973698260888
SM0: 0.4047007277102582
SMW: 0.022635247162904965
