CRAIRC: 0.04
KSUB: 83.35420555076566
SOPE: 83.35420555076566
RDMSOL: 120.0
SMFCF: 0.1836917768653097
SM0: 0.402434194429392
SMW: 0.026055784066527518
