CRAIRC: 0.04
KSUB: 67.53091004048318
SOPE: 67.53091004048318
RDMSOL: 120.0
SMFCF: 0.22809501807947077
SM0: 0.43095722704369105
SMW: 0.03874316370787435
