CRAIRC: 0.04
KSUB: 26.40621565134335
SOPE: 26.40621565134335
RDMSOL: 120.0
SMFCF: 0.32890826300023107
SM0: 0.42630692667297126
SMW: 0.1436446323720735
