CRAIRC: 0.04
KSUB: 28.074138454328008
SOPE: 28.074138454328008
RDMSOL: 120.0
SMFCF: 0.33652579997919024
SM0: 0.43092794696719133
SMW: 0.15364842940481482
