CRAIRC: 0.04
KSUB: 33.36296193536606
SOPE: 33.36296193536606
RDMSOL: 120.0
SMFCF: 0.29352138666443633
SM0: 0.4064292325844901
SMW: 0.10821750057744006
