CRAIRC: 0.04
KSUB: 43.58103453415347
SOPE: 43.58103453415347
RDMSOL: 120.0
SMFCF: 0.2658421514185778
SM0: 0.40082358127113854
SMW: 0.08042204806350683
