CRAIRC: 0.04
KSUB: 67.80476957567019
SOPE: 67.80476957567019
RDMSOL: 120.0
SMFCF: 0.2456704358489018
SM0: 0.4434676753187519
SMW: 0.04461123464506682
