CRAIRC: 0.04
KSUB: 55.73271568826951
SOPE: 55.73271568826951
RDMSOL: 120.0
SMFCF: 0.3006587059248614
SM0: 0.46293163419949157
SMW: 0.08488080002182859
