CRAIRC: 0.04
KSUB: 33.19323770194583
SOPE: 33.19323770194583
RDMSOL: 120.0
SMFCF: 0.3235385025670131
SM0: 0.42091044554971657
SMW: 0.1478953508955835
