CRAIRC: 0.04
KSUB: 48.89273034849715
SOPE: 48.89273034849715
RDMSOL: 120.0
SMFCF: 0.25501439507903895
SM0: 0.39874434266781317
SMW: 0.07278113335603657
