CRAIRC: 0.04
KSUB: 199.3485156241167
SOPE: 199.3485156241167
RDMSOL: 120.0
SMFCF: 0.14536463391610557
SM0: 0.40077238937536336
SMW: 0.016435224849469
