CRAIRC: 0.04
KSUB: 65.30619209980117
SOPE: 65.30619209980117
RDMSOL: 120.0
SMFCF: 0.24505025493421317
SM0: 0.44298394904601823
SMW: 0.04489367973447302
