CRAIRC: 0.04
KSUB: 22.51997487861248
SOPE: 22.51997487861248
RDMSOL: 120.0
SMFCF: 0.3120906978256521
SM0: 0.4119232656163829
SMW: 0.11103808920881164
