CRAIRC: 0.04
KSUB: 50.500223708722125
SOPE: 50.500223708722125
RDMSOL: 120.0
SMFCF: 0.2682435512360065
SM0: 0.45072254637360887
SMW: 0.05531070304395412
