CRAIRC: 0.04
KSUB: 23.319120452783903
SOPE: 23.319120452783903
RDMSOL: 120.0
SMFCF: 0.3387899913179074
SM0: 0.4288986888818514
SMW: 0.15408177817468605
