CRAIRC: 0.04
KSUB: 25.65099974025289
SOPE: 25.65099974025289
RDMSOL: 120.0
SMFCF: 0.33540760113823587
SM0: 0.4304342788491692
SMW: 0.14924265530670888
