CRAIRC: 0.04
KSUB: 29.14611751886008
SOPE: 29.14611751886008
RDMSOL: 120.0
SMFCF: 0.3048528687209572
SM0: 0.4152525776624319
SMW: 0.1125101353712825
