CRAIRC: 0.04
KSUB: 24.290471416034695
SOPE: 24.290471416034695
RDMSOL: 120.0
SMFCF: 0.34746462547419654
SM0: 0.4326364335242832
SMW: 0.16691173293269948
