CRAIRC: 0.04
KSUB: 22.30955863656735
SOPE: 22.30955863656735
RDMSOL: 120.0
SMFCF: 0.3602633378674888
SM0: 0.44032255659058306
SMW: 0.18732083267474994
