CRAIRC: 0.04
KSUB: 50.427806895742485
SOPE: 50.427806895742485
RDMSOL: 120.0
SMFCF: 0.29684507291697104
SM0: 0.4641984219911424
SMW: 0.07581415778919288
