CRAIRC: 0.04
KSUB: 27.14919720854637
SOPE: 27.14919720854637
RDMSOL: 120.0
SMFCF: 0.3618175046060997
SM0: 0.4447213298055212
SMW: 0.1885388826242556
