CRAIRC: 0.04
KSUB: 71.38643502258533
SOPE: 71.38643502258533
RDMSOL: 120.0
SMFCF: 0.24511461875198357
SM0: 0.44601136240114975
SMW: 0.04451631786926053
