CRAIRC: 0.04
KSUB: 23.277397045908582
SOPE: 23.277397045908582
RDMSOL: 120.0
SMFCF: 0.37834806636507373
SM0: 0.4521416558051227
SMW: 0.211595931730336
