CRAIRC: 0.04
KSUB: 85.470075213626
SOPE: 85.470075213626
RDMSOL: 120.0
SMFCF: 0.21535366335581474
SM0: 0.4302047568798649
SMW: 0.03384731842502496
