CRAIRC: 0.04
KSUB: 56.448007352041444
SOPE: 56.448007352041444
RDMSOL: 120.0
SMFCF: 0.2196769556209274
SM0: 0.4148079316409122
SMW: 0.0360894133760867
