CRAIRC: 0.04
KSUB: 60.4211403982893
SOPE: 60.4211403982893
RDMSOL: 120.0
SMFCF: 0.2386778294514368
SM0: 0.4250722864215808
SMW: 0.04642881192592906
