CRAIRC: 0.04
KSUB: 54.14310242054487
SOPE: 54.14310242054487
RDMSOL: 120.0
SMFCF: 0.25852437060399425
SM0: 0.43686989120557257
SMW: 0.05504154865792714
