CRAIRC: 0.04
KSUB: 39.27484958140943
SOPE: 39.27484958140943
RDMSOL: 120.0
SMFCF: 0.3373254015330951
SM0: 0.48505964502495064
SMW: 0.1085962984880581
