CRAIRC: 0.04
KSUB: 93.29726396283748
SOPE: 93.29726396283748
RDMSOL: 120.0
SMFCF: 0.3215764797890766
SM0: 0.508467581002492
SMW: 0.07132308215107284
