CRAIRC: 0.04
KSUB: 52.08519128644008
SOPE: 52.08519128644008
RDMSOL: 120.0
SMFCF: 0.24490738393805028
SM0: 0.4329717386869855
SMW: 0.04509884415997126
