CRAIRC: 0.04
KSUB: 33.16627322977899
SOPE: 33.16627322977899
RDMSOL: 120.0
SMFCF: 0.3048673745115952
SM0: 0.41134546649078696
SMW: 0.12132746880820013
