CRAIRC: 0.04
KSUB: 23.93157770309102
SOPE: 23.93157770309102
RDMSOL: 120.0
SMFCF: 0.33533002888176416
SM0: 0.42596842047549427
SMW: 0.15056199994569175
