CRAIRC: 0.04
KSUB: 31.874656951507983
SOPE: 31.874656951507983
RDMSOL: 120.0
SMFCF: 0.3201279899584985
SM0: 0.43029705169331256
SMW: 0.1319583240202427
