CRAIRC: 0.04
KSUB: 45.48915803377938
SOPE: 45.48915803377938
RDMSOL: 120.0
SMFCF: 0.27969917944222134
SM0: 0.4064216165802331
SMW: 0.09787384715854651
