CRAIRC: 0.04
KSUB: 25.36232964569573
SOPE: 25.36232964569573
RDMSOL: 120.0
SMFCF: 0.35469560452093907
SM0: 0.43638310446077566
SMW: 0.18478712670057013
