CRAIRC: 0.04
KSUB: 35.412584977264856
SOPE: 35.412584977264856
RDMSOL: 120.0
SMFCF: 0.3026655150304858
SM0: 0.40946404717325174
SMW: 0.12444884359750949
