CRAIRC: 0.04
KSUB: 55.67220912123726
SOPE: 55.67220912123726
RDMSOL: 120.0
SMFCF: 0.24945187125180393
SM0: 0.4258109020760735
SMW: 0.053858047163310566
