CRAIRC: 0.04
KSUB: 70.80045157093679
SOPE: 70.80045157093679
RDMSOL: 120.0
SMFCF: 0.2919130979748356
SM0: 0.46904571285461716
SMW: 0.06725529344687733
