CRAIRC: 0.04
KSUB: 68.31868036283369
SOPE: 68.31868036283369
RDMSOL: 120.0
SMFCF: 0.2247170749448111
SM0: 0.42832841784673853
SMW: 0.03762979178968296
