CRAIRC: 0.04
KSUB: 35.25512396132951
SOPE: 35.25512396132951
RDMSOL: 120.0
SMFCF: 0.3013883585709409
SM0: 0.42228999395147654
SMW: 0.10912767083816215
