CRAIRC: 0.04
KSUB: 55.77899142639314
SOPE: 55.77899142639314
RDMSOL: 120.0
SMFCF: 0.338857287170189
SM0: 0.49757250577808526
SMW: 0.10608718353770044
