CRAIRC: 0.04
KSUB: 47.16368771700941
SOPE: 47.16368771700941
RDMSOL: 120.0
SMFCF: 0.25270006376072224
SM0: 0.4258890472060666
SMW: 0.0522328972782918
