CRAIRC: 0.04
KSUB: 84.72859220094075
SOPE: 84.72859220094075
RDMSOL: 120.0
SMFCF: 0.21431681580853926
SM0: 0.417686997458033
SMW: 0.03612193976643603
