CRAIRC: 0.04
KSUB: 42.28428113333019
SOPE: 42.28428113333019
RDMSOL: 120.0
SMFCF: 0.28924067498300915
SM0: 0.40784498546652836
SMW: 0.1095250618772749
