CRAIRC: 0.04
KSUB: 70.39712850375508
SOPE: 70.39712850375508
RDMSOL: 120.0
SMFCF: 0.24206500217482033
SM0: 0.44303912426360603
SMW: 0.04342545399956503
