CRAIRC: 0.04
KSUB: 67.13275349039772
SOPE: 67.13275349039772
RDMSOL: 120.0
SMFCF: 0.21646851906403225
SM0: 0.42089447779874106
SMW: 0.03512161062502527
