CRAIRC: 0.04
KSUB: 68.28505152094468
SOPE: 68.28505152094468
RDMSOL: 120.0
SMFCF: 0.22211645453156212
SM0: 0.39375062252294407
SMW: 0.05201264456332954
