CRAIRC: 0.04
KSUB: 35.780269513864845
SOPE: 35.780269513864845
RDMSOL: 120.0
SMFCF: 0.29124965815334497
SM0: 0.40718781397067855
SMW: 0.105038066591571
