CRAIRC: 0.04
KSUB: 56.02702584057233
SOPE: 56.02702584057233
RDMSOL: 120.0
SMFCF: 0.28388157685514004
SM0: 0.4533586282816392
SMW: 0.07160567922914153
