CRAIRC: 0.04
KSUB: 34.76635970160491
SOPE: 34.76635970160491
RDMSOL: 120.0
SMFCF: 0.3051675827829035
SM0: 0.4184553371794291
SMW: 0.11524010308668305
