CRAIRC: 0.04
KSUB: 73.65485481429747
SOPE: 73.65485481429747
RDMSOL: 120.0
SMFCF: 0.19872052852459215
SM0: 0.4098020738569452
SMW: 0.02996974093821167
