CRAIRC: 0.04
KSUB: 32.290494654793
SOPE: 32.290494654793
RDMSOL: 120.0
SMFCF: 0.3236534415782329
SM0: 0.4219629637837588
SMW: 0.14664391803187143
