CRAIRC: 0.04
KSUB: 36.688208639598166
SOPE: 36.688208639598166
RDMSOL: 120.0
SMFCF: 0.304228308018224
SM0: 0.41273659405994767
SMW: 0.12321280617666037
