CRAIRC: 0.04
KSUB: 40.703638033434835
SOPE: 40.703638033434835
RDMSOL: 120.0
SMFCF: 0.28787470613776783
SM0: 0.40712984958281795
SMW: 0.10462650802736034
