CRAIRC: 0.04
KSUB: 62.38758537745824
SOPE: 62.38758537745824
RDMSOL: 120.0
SMFCF: 0.23178373571769612
SM0: 0.4210032551365203
SMW: 0.04347321832334384
