CRAIRC: 0.04
KSUB: 52.85275816788436
SOPE: 52.85275816788436
RDMSOL: 120.0
SMFCF: 0.3182794350969211
SM0: 0.4823873480269604
SMW: 0.08754283395304402
