CRAIRC: 0.04
KSUB: 22.205791682215317
SOPE: 22.205791682215317
RDMSOL: 120.0
SMFCF: 0.3479353120377109
SM0: 0.4430085034266723
SMW: 0.15551432757857422
