CRAIRC: 0.04
KSUB: 26.432591857603988
SOPE: 26.432591857603988
RDMSOL: 120.0
SMFCF: 0.3240990298948904
SM0: 0.4212169779128857
SMW: 0.13554828234816366
