CRAIRC: 0.04
KSUB: 79.69771471153342
SOPE: 79.69771471153342
RDMSOL: 120.0
SMFCF: 0.22136285004934547
SM0: 0.4316745004080769
SMW: 0.035863426437117
