CRAIRC: 0.04
KSUB: 32.6481456941073
SOPE: 32.6481456941073
RDMSOL: 120.0
SMFCF: 0.32751860553507856
SM0: 0.42665888648341843
SMW: 0.14644747572971945
