CRAIRC: 0.04
KSUB: 44.27357237751219
SOPE: 44.27357237751219
RDMSOL: 120.0
SMFCF: 0.317645426117347
SM0: 0.4725922727286183
SMW: 0.09407459808185444
