CRAIRC: 0.04
KSUB: 37.71117425693599
SOPE: 37.71117425693599
RDMSOL: 120.0
SMFCF: 0.29329138524103
SM0: 0.40935082764571196
SMW: 0.10894051479382574
