CRAIRC: 0.04
KSUB: 31.267386010676265
SOPE: 31.267386010676265
RDMSOL: 120.0
SMFCF: 0.3008695851844911
SM0: 0.4065890228226704
SMW: 0.11621441063330913
