CRAIRC: 0.04
KSUB: 64.08270717582998
SOPE: 64.08270717582998
RDMSOL: 120.0
SMFCF: 0.22671488824254477
SM0: 0.4275233811742288
SMW: 0.03839581368741167
