CRAIRC: 0.04
KSUB: 87.69916563883066
SOPE: 87.69916563883066
RDMSOL: 120.0
SMFCF: 0.18680888402739235
SM0: 0.407440324074931
SMW: 0.026522748976971815
