CRAIRC: 0.04
KSUB: 63.79438162610745
SOPE: 63.79438162610745
RDMSOL: 120.0
SMFCF: 0.20291186708501444
SM0: 0.40608587281989966
SMW: 0.03126608209242466
