CRAIRC: 0.04
KSUB: 35.609210772013874
SOPE: 35.609210772013874
RDMSOL: 120.0
SMFCF: 0.2980563066859013
SM0: 0.4070139098188265
SMW: 0.11590177580596406
