CRAIRC: 0.04
KSUB: 58.65401893716813
SOPE: 58.65401893716813
RDMSOL: 120.0
SMFCF: 0.2454492648851828
SM0: 0.4387106121287844
SMW: 0.045399796670239086
