CRAIRC: 0.04
KSUB: 55.712880828569546
SOPE: 55.712880828569546
RDMSOL: 120.0
SMFCF: 0.23989819634162646
SM0: 0.42252156214846853
SMW: 0.04714099481814078
