CRAIRC: 0.04
KSUB: 28.28999304979107
SOPE: 28.28999304979107
RDMSOL: 120.0
SMFCF: 0.31128953776061324
SM0: 0.41629668864975145
SMW: 0.12074797575988082
