CRAIRC: 0.04
KSUB: 66.15022439473074
SOPE: 66.15022439473074
RDMSOL: 120.0
SMFCF: 0.2136825916100068
SM0: 0.417685605376216
SMW: 0.03435630022486413
