CRAIRC: 0.04
KSUB: 60.30109304590017
SOPE: 60.30109304590017
RDMSOL: 120.0
SMFCF: 0.26805390056147416
SM0: 0.45657301858331123
SMW: 0.05457008754422205
