CRAIRC: 0.04
KSUB: 93.80370427037535
SOPE: 93.80370427037535
RDMSOL: 120.0
SMFCF: 0.20094013254454657
SM0: 0.4220196593057261
SMW: 0.029485270929612693
