CRAIRC: 0.04
KSUB: 25.58509674025705
SOPE: 25.58509674025705
RDMSOL: 120.0
SMFCF: 0.32429214255341404
SM0: 0.41795816165697275
SMW: 0.14066755790137944
