CRAIRC: 0.04
KSUB: 25.801634831511056
SOPE: 25.801634831511056
RDMSOL: 120.0
SMFCF: 0.360191685454831
SM0: 0.43833861601069896
SMW: 0.19172695124644243
