CRAIRC: 0.04
KSUB: 46.42407767217037
SOPE: 46.42407767217037
RDMSOL: 120.0
SMFCF: 0.26439174162913176
SM0: 0.40264434957097145
SMW: 0.07941443106492427
