CRAIRC: 0.04
KSUB: 65.37664448401145
SOPE: 65.37664448401145
RDMSOL: 120.0
SMFCF: 0.2565866105941486
SM0: 0.45108421191088816
SMW: 0.04936042621754409
