CRAIRC: 0.04
KSUB: 60.69410539981254
SOPE: 60.69410539981254
RDMSOL: 120.0
SMFCF: 0.2540702776015943
SM0: 0.40888512592181975
SMW: 0.07359594328983898
