CRAIRC: 0.04
KSUB: 57.935889332478986
SOPE: 57.935889332478986
RDMSOL: 120.0
SMFCF: 0.24169336309361775
SM0: 0.42585806440297314
SMW: 0.04767442432165656
