CRAIRC: 0.04
KSUB: 57.65210275488689
SOPE: 57.65210275488689
RDMSOL: 120.0
SMFCF: 0.2467283372527852
SM0: 0.39611864171065647
SMW: 0.0705853819223282
