CRAIRC: 0.04
KSUB: 28.189649631435355
SOPE: 28.189649631435355
RDMSOL: 120.0
SMFCF: 0.3383934051076429
SM0: 0.4309834745962944
SMW: 0.1601205711239304
