CRAIRC: 0.04
KSUB: 57.678062825152864
SOPE: 57.678062825152864
RDMSOL: 120.0
SMFCF: 0.2511932368281923
SM0: 0.43259264140061837
SMW: 0.051751576655119036
