CRAIRC: 0.04
KSUB: 62.14537330109417
SOPE: 62.14537330109417
RDMSOL: 120.0
SMFCF: 0.22667893206841072
SM0: 0.41626906564104726
SMW: 0.041818737252144494
