CRAIRC: 0.04
KSUB: 22.86427895624323
SOPE: 22.86427895624323
RDMSOL: 120.0
SMFCF: 0.3471452654534588
SM0: 0.435552691932901
SMW: 0.16383454936719127
