CRAIRC: 0.04
KSUB: 67.46830249265683
SOPE: 67.46830249265683
RDMSOL: 120.0
SMFCF: 0.2379190248065456
SM0: 0.43841674087872856
SMW: 0.04215266309802186
