CRAIRC: 0.04
KSUB: 24.54124393842704
SOPE: 24.54124393842704
RDMSOL: 120.0
SMFCF: 0.32714632033936747
SM0: 0.41966829662863714
SMW: 0.14099355074275893
