CRAIRC: 0.04
KSUB: 27.712076464612966
SOPE: 27.712076464612966
RDMSOL: 120.0
SMFCF: 0.3362244347311713
SM0: 0.4262279185426919
SMW: 0.15957949099842514
